6
Petras A. Petraitis 213 15 20 0
Jurgis Jurgutis     221 16 12 12
Rima Joana 	    115 15 15 59 0
 0 0 0 0
 0 0 0 0
 0 0 0 0
511
0 0 0 0 0 0
0 0 0 0 0 0
0 0 0 0 0 0
0 0 0 0 0 0
0 0 0 0 0 0
0 0 0 0 0 0
0 0 1878274916 0 0 1607907841
0 0 0 0 0 0
4198963 1 16127664 16130464 2 0 6422352 1966961997
0 0 0 6422412 0 1997778208
524298 524832 35651584 9 655944 34603080 4718603 721424
51512330 -2080374783 560 34866184 3 66322 34635784 655371
66048 34603016 67108865 66064 34603008 2 131840 35684352
1 721664 50331653 196619 66048 10
50364448 -2145255423 721408 33554483 79298571 66304 50365472 -2078146559
721424 33555584 8912900 459280 34603136 75497476 459280 42206336
82838544 114296272 141559728 34605328 184551968 211815376 238030176 266342176
529538960 529538960 529538960 529539008 529538960 529538960 529538960 529538960
529538960 529538960 529538960 529538960 529538960 529538960 529538960 529538960
290459984 290459984 579871328 579871376 583017104 583017152 586162880 586162928
16843009 33620225 50660355 16843009 16843009 16843009 101056769 151521030
16843009 16843009 16843009 16843009 437846273 186321675 438049289 503912989
51380992 673645344 673654823 673654823 673654823 673654823 673654052 656746535
623125541 623126821 690562341 707209513 623584296 656747300 656942888 656942888
606348325 623125796 623125796 623191332 623191333 623191333 623191333 623191333
55586093 71304240 73401424 75498608 74450032 74450064 78644384 80741568
606348324 606348324 606348288 606348324 673720103 623388712 623191333 623191333
656679972 606348324 606348324 606348324 606348324 606348324 623191076 623191333
606413864 606413861 606413861 673654053 623126567 623126567 673654823 623126567
620770870 623191333 623191333 623191333 623191333 623191333 905979173 34
0 71303168 116393024 101713664 119539472 122685248
943208504 943208504 943208504 943142968 825307441 959525169 825241649 1093742897
943208504 808464432 808464432 942682160 0 0 0 1128464384
690563369 690563369 690563369 691011584 1044727109 1044266558 1161707070 809846085
691011584 1044727109 4079166 4539648 809846016 41 0 17408
4079104 809385472 822083584 0 687865856 2697513 41 0
0 0 0 171966464 163580336 176163440
10537 2697472 690552832 41 690563369 690563369 690563369 0
690563369 690563369 687876393 690563369 687865856 1161707070 4539717 4079166
0 0 200278016 163580928 203426832 206572608
690563328 690563369 687876393 690552832 690563369 41 48 1162167552
1229539072 1229539657 1296911691 1296911693 1179006541 1179010630 1179010630 13878
33557952 231735808 233836000 235933184 33558048 875102720 909521972 909522486
690565168 10537 825294848 825307441 822096177 825307441 825307441 825307441
1044266558 809775153 826557488 1179003185 1179010630 1179010630 909522486 690566710
155189248 255854912 257953616 260050800 262147984 101715888 264242704 155191616
690563369 2686976 690563369 690552832 690563369 2687017 690563369 690552832
858993459 0 690552832 2697513 0 0 155189248 155193472
690563369 41 0 693043200 690563369 690563369 690563369 690563369
690552832 15934 0 0 2686976 15934 0 0
299897360 155193888 305137984 307237440 309334624 572658304 572662306 572662306
826162757 12593 1145307136 1145324593 809780292 12336 3342336 572653568
270534976 326112096 328209280 690557840 690563369 1161707049 17733 155203126
825294848 690563396 690563369 690563369 1143548201 1044263217 1044268357 78
774778414 155203126 343935296 346035344 155194544 33559744 33554944 33554944
49 0 0 0 0 74461232
673720360 656867328 656877351 673710080 673720360 654321704 654321408 673720064
365953071 365958624 367007184 365958640 370152960 370152976 372250144 374347328
16843009 626589953 1499004928 1499027801 576478042 1499025954 1499027801 1499027801
607335219 606348324 858993459 858010419 858010404 606348324 606348615 690299940
328210432 328209296 328209296 328209296 328209296 328209296 328209296 858985360
328210528 328210544 328209296 411046800 858980864 858993459 51 0
419436624 861673680 1549546291 1549546291 858993459 858993459 858993459 858993459
328209296 328209296 328209296 427825520 429922704 33554944 855638528 3355443
858993459 858993459 858993459 858980403 573780787 858993442 3342387 858980352
858993459 858993459 572666675 858989090 858993459 858993459 858993459 572666675
33554944 606339584 606348324 606348324 606348324 623181860 623191333 623191333
0 0 690552832 690563369 0 690563328
473963568 33561680 33554944 328204800 328211552 328209296 328209296 858986912
1613901872 1616994401 1600074547 573122911 1644180275 1650614882 1650614882 1650680418
1768581482 1768581482 1785293162 1785293417 1768515945 1785358697 1768581737 1785293418
1886417008 1886417008 1886417008 695234672 690563369 690563369 690563369 690563369
13364 0 0 1244856320 1246382666 1246382666 1246382666 875842122
875831040 875836468 858993460 875836467 875836468 875836468 875836468 875836468
0 528482304 528490368 528490368 528490368 528490368
1179010630 10537 0 623125796 623125796 623125796 825307177 8753
623191333 606414117 606413861 623125796 623125796 875373860 2434100 0
690563369 1162094889 1162167621 1162167621 1162167621 3163461 0 0
33554944 690553344 690563369 1042884905 1044266558 1044727102 826557502 49
33554944 33554944 1936916992 1936946035 1936946035 1936946035 578843507 578822784
585114336 585114336 585114336 1600070368 1600085855 1600085855 1600085855 690552832
943208504 943208504 943194168 3684408 943194168 3684352 943208504 943208504
943208504 8738 943208504 943208504 943208504 943208504 943208504 14392
573710882 572662306 572668706 859010394 1982988380 12859 943194112 3684408
-2088533117 -2088533117 1417303171 -2054925180 -2054847099 -2038004090
140 -1936946036 35980 -1936946036 35980 35980
11676 1000 76 3676 0 4718671 295068 300756
179176087 14 182649499 15 188809890 16 189530787 17
31 353174332 32 363463494 33 34
336462637 49 354353981 50 351273786 51 371786574 52
66 350552889 67 494273351 68 69
210240184 84 230032078 85 252510951 86 169738894 87
101 60490359 102 28770905 103 104
224002760 119 321651494 120 188088993 121 275645183 122
145 169017997 146 491193028 1025 1026
190251334 1041 194642251 1042 212402526 1043 261489054 1044
1058 363004456 1059 25886764 1060 315359720 1061 129302757
372048432 1076 378405431 1077 397607493 1078 2555909 1079
1094 275186096 1095 173343025 1096 271581612 1097 342491662
213188959 1112 247202184 1113 305791453 1114 341705229 1115
1129 186122560 1130 382075452 1131 290914760 1132 267190694
18350116 1148 248054153 1150 33620022 1152 362283559 1153
2051 39714877 2052 384041534 2055 54722639 2057 80674942
351535643 2107 307757536 2108 168558890 2110 249561483 2115
2559 288358854 3073 7929870 3076 386335295 3079 53805133
149750019 4122 180879674 4155 317522411 4191 361169446 5121
7169 17104930 7177 113705158 7178 120324307 7180 145096953
318898669 10241 16187424 10249 73334894 10250 125370589 10252
13322 118489295 13324 158007573 14337 6094858 14345 84803719
67829858 19466 124453083 20490 126288095 21514 127664354 22538
30787 366019401 30800 243663583 30813 191627941 30815 360514371
132055685 31848 175374997 31878 289080070 31890 220398277 65663
0 127 38141955 4096 65543 131086
15361 786539 4096 852082 5121 917625 3073 983168
1900770 4096 1966313 4096 2031856 4096 2097399 10241
44 38863173 29740 2621774 2092 30764
3080624 1026 39387575 102 3146172 1126 39460120 4096
1150 39721983 -2147483522 3545074 -2147482498 39780872 4096 3605005
40181024 4096 4200446 -2147479552 40239740 4096 4194950 4096
-2147482532 46406729 -2147483502 23468269 -2147482478 -2147479552
4981545 4096 41091889 7 5047093 3079 5112636 4096
101 5702559 1125 41419686 4096 4096
6423563 19465 6489106 4096 6554649 4096 6620192 4096
4096 7603337 4096 7668880 4096 7734423 4096 7799966
8717568 4096 8783111 15369 8848654 14345 8914197 6153
4096 9897342 4096 9962885 4096 10028428 4096 10093971
11011573 4096 11077116 4096 11142659 4096 11208202 4096
4096 12191347 4096 12256890 11273 12322433 4096 12387976
41879272 10 13240044 22538 13305588 11274 13371131 16394
18442 14288740 2058 14354283 19466 14419826 6154 14485369
42141652 41 28580210 -2147482484 15206360 1065 42212655 103
4096 15992940 2151 15734877 -2147479552 15865956 -2147482521 15997035
16517308 4096 16582851 4096 16648394 4096 16713937 3084
4096 17697082 15372 17762625 4096 17828168 5132 17893711
18811313 4096 18876856 10252 18942399 4096 19007942 4096
-2147483503 42863134 86 19663394 1110 116
20187773 4096 20253321 4096 20318869 1128 20256902 -2147479552
1070 43715299 14 20777703 1038 20777710 66574 43780860
44112951 -2147483528 21174445 -2147482504 44174145 15 21236549 1039
-2147220463 44567471 4096 21760948 4096 4096
45091878 4096 22219819 4096 45157427 4096 22285368 4096
4096 45616264 83 22744204 1107 45681811 75 22809751
23203056 2144 23140582 -2147479552 46206204 4096 23268609 4096
1088 46665050 118 23727454 1142 46730598 4096 23793003
47123905 4096 24382918 4096 24448462 4096 47189462 39
4096 47648307 4096 25038392 4096 47713856 4096 25103940
48172678 30800 25499925 -2147482544 25497231 1104 48238230 31824
-2147481538 25958714 -2147482562 26024262 -2147479552 1086
48959300 4096 26545992 4096 49024847 4096 26611540 4096
4096 49287096 30740 27398076 2068 49352643 4096 27463624
27856915 1154 49814643 -2147483518 27859290 -2147482494 49877018 114
121 28381299 1145 50335868 21 1045
29036756 4096 29102299 4096 29167842 4096 29233385 4096
31878 29823301 1158 50666630 -2147483514 29825414 -2147482490 50794834
30282128 1048 51057047 4096 30347676 4096 51122596 25
1103 51384821 133 51387554 -2147483515 31005142 -2147482491 31003130
31332842 -2147480517 31398390 -2147482565 31463938 -2147481541 31396433 1083
1115 52302525 27 31920833 1051 52368072 36 31986380
32314114 9275 52567241 -2147454917 32315970 -2147474373 52630282 29755
1052 32838487 4096 32904030 4096 52960617 31770 53023589
33690618 4096 53220353 4096 33756166 4096 53285902 48
1114 53484765 -2147483558 34413163 -2147482534 53548134 73 34477162
35001535 1054 53941446 115 35067082 2163 35132625 1139
1055 54334751 49 35656995 1073 54400298 68 54402288
54793620 128 54795513 -2147483520 36117151 -2147482496 36115864 1152
4096 36574725 4096 55383570 4096 36640284 4096 55449129
37100203 -2147482488 37099126 1160 5757 65663 55907978 52
-2147479552 56301261 4096 37557975 4096 30724
37690132 -2147218428 37886764 -2147478524 37886776 -2147347452 37886800 -2147216380
263172 56563631 53 38082483 1077 0 7560 8323199
369491977 7743 7746 7751 7755 7755 7775 7775
1701 8333 8339 1701 0 8375 8413 1701
7581 8525 8532 7623 8551 8593 8637 7725
9189 0 65537 1 2752554 1701 9237 9254
65537 19070976 65536 7566 7566 8517 7572 7569
9356 9356 8731 8749 9342 3 8813 8865
9289 71 8466 8469 9311 0 21 8511
4784628 369491977 7743 8662 3 8667 8673 9446
9274 1701 9278 9278 1701 1693 9283 8865
0 7581 9589 9594 7623 9611
0 10127 0 65537 0 1701
65537 1 1769472 65536 7566 7566 8517 7569
10378 10383 10403 9749 9767 10369 28 9837
8444 10223 209 10236 10239 10265 10273 51
-34996759 3211764 369491977 7743 8662 10547
9271 9274 1701 11136 11136 1701 1693 10477
7569 0 7581 11164 11168 7623 8551 11207
0 0 9495 0 65537 2752554
2 65537 1 16449536 65536 7566
9470 9474 9479 11900 11911 11929 9465 70
12321 12418 12425 73 12439 12442 11811 12445
82317312 655622864 -1734455356 369491977 7743 8662 81 12561
12955 9271 9274 1701 12474 12474 1701 1693
7572 7569 0 7581 12471 12474 12507 13087
12827 0 0 13479 0 65537 65536 2752554
65538 196611 65544 393217 63766528 0 7566 7566
13735 13740 13744 13749 13765 12641 12659 13735
100 13980 13027 13670 17 12474
8653 82317312 655622864 4083652 369491977 8657 8662 81
8304 12955 9271 9274 1701 12474 12474 1701
14169 7572 7569 0 7581 12471 12474 7623
14345 14345 0 0 14519 0 65537 65536
201395201 65538 196610 65544 393217 1310720 0 7566
14726 14731 14736 14740 14745 14761 12641 12659
1701 121 14859 13027 13670 67 12471 12474
9667 8653 82317312 655622864 4673476 369491977 8657 8662
14929 8304 12955 9271 9274 1701 12474 12474
7569 14948 7572 7569 0 7581 12471 12474
12723 12827 12827 0 0 15051 0 65537
12465 134285313 65538 196610 65544 393217 63176704 0
15162 15168 15176 15181 15185 15190 15203 12641
13625 1701 142 15460 13027 13670 121 12471
13139 13157 13161 82324481 655622864 8277956 371326985 15148
15609 15626 8304 12955 9271 9274 1701 8333
7572 7569 15673 7572 7569 0 7581 12471
12723 12723 12827 12827 0 0 14055 0
163 12465 872494081 65538 196611 393217
12569 15803 15811 15819 15824 15828 15833 15848
13595 13625 1701 163 15980 13027 13670 136
13095 13139 13157 13161 82325505 655622864 9129924 371392521
1701 16080 16098 8304 12955 9271 9274 1701
8517 7572 7569 16144 7572 7569 0 7581
81 13295 13295 12827 12827 0
0 184 12465 402724865 65538 65544
12561 12569 16284 16293 16311 16316 16320 16325
2210 14605 13625 1701 184 16467 13027 13670
8551 12529 12555 9667 8653 82317312 655622864 10637252
2752554 1701 16633 16654 8304 12955 9271 9274
7566 8517 7572 7569 16675 7572 7569 0
16699 81 13295 13295 12827 12827 0 0
13695 0 205 12465 -2146430976 65538 131074 65545
81 12561 12569 16797 16820 16844
1701 1693 9283 13011 1701 205 14140 13027
12507 13087 13095 13139 13157 13161 82329601 655622864
65536 2752554 1701 17054 17070 8304 12955 9271
7566 7566 8517 7572 7569 17114 7572 7569
12659 17175 81 13295 13295 12827 12827 0
12474 13695 17273 226 12465 -2146365440 65538 131074
8662 81 12561 12569 17330 17337 17346 17351
12474 1701 1693 9283 13011 1701 226 14140
12474 12507 8551 12529 12555 9667 8653 82317312
65537 65536 2752554 1701 17488 17506 17525 12955
0 7566 7566 8517 7572 17528
12641 12659 17558 81 12723 12723 12827 12827
12471 12474 13049 0 247 12465 671164417 65538
15148 17666 81 12561 12569 17671 17678 17685
8333 8339 1701 1007 13595 13625 1701 247
12471 12474 12507 8551 12529 12555 9667 8653
0 65537 65536 2752554 1701 17888
14155776 65536 7566 7566 8517 7572 7569 17904
17961 12641 12659 17931 81 13295 13295 14345
234 12471 12474 14659 0 268 12465 604054529
371195913 13167 18044 81 12561 12569 18049 18056
1701 8333 8339 1701 1007 13595 13625 1701
7581 0 0 7623 14951 18177 18271 18295
18649 0 0 9 2752554 1701 18653 18670
65537 5963776 65536 18817 18817 7569 7572 7569
19029 19043 19048 19066 19015 288 19137 19199
19585 113 8466 8469 19599 19609 304 19639
15663604 369491977 7743 8662 299 19697 19702 19710
9274 1701 20122 20122 1701 1693 10477 19907
0 7581 7584 7588 7623 20135
20811 20863 0 65537 8 2752554 1701 20911
65544 65537 65142784 65536 7566 7566 8517 7569
21166 21171 21190 21209 21227 21157 325 21307
21802 19585 5 21809 21812 21823 21831 355
660669273 348585 372703241 21083 21157 7444 21873 21894
9271 9274 1701 22537 22537 1701 355 10477
9583 0 7581 0 0 7623 22671 22675
0 0 23133 0 65537 2752554
196608 65544 65537 15532032 65536 7566 7566 8517
10578 10582 10587 23298 8731 378 10573 378
8429 8444 10223 49 8466 8469 11145 0
81986595 655819618 1901044 369491977 7743 23783 391 23788
8307 9271 9274 1701 24456 24456 1701 395
7572 7569 0 7581 24578 24588 7623 8551
24825 0 0 9495 0 65537 0 2752554
65538 65538 65541 65537 16711680 65536 7566 7566
19730 19735 19739 19744 24939 8731 415 19730
420 8429 8444 11797 239 8466 8469 11811
13161 81986562 655819618 2314785 369491977 7743 25733 428
8304 8307 9271 9274 1701 26169 26186 1701
26401 7572 7569 0 7581 7584 7588 7623
8085 8169 0 0 26515 0 65537 1
-2145316864 65538 0 65537 65537 65536
26651 26657 26662 26666 26671 26695 8731 26714
1701 461 8429 8444 10223 157 8466 8469
9667 8653 -35059643 -34996759 1507828 369491977 7743 27145
27610 8304 8307 9271 9274 1701 27628 27628
7569 18821 7572 7569 0 7581 7584 7588
27887 27453 27955 0 0 28003 0 65537
28239 72418385 65538 2 65538 65537 5636096 65536
28590 28597 28633 28638 28642 28647 28661 28680
29615 1701 495 29631 29660 29667 45 8466
29803 7725 8653 -35057664 -34996759 7406068 369491977 7743
30511 30528 8304 8307 9271 9274 1701 30548
7569 9583 20132 7569 9583 0 7581 30643
30777 30817 30915 30997 0 0 31047 0
525 31177 -2145120256 65538 131074 65545 1 5963776
31335 19002 31341 19015 19020 19024 19029 31347
9283 31469 1701 525 31710 31739 11797 113
31815 31883 13157 14215 81993754 660734807 1639270 369491977
1701 32345 32389 8304 8307 9271 9274 1701
8517 7569 7572 15702 7569 7572 0 7581
554 32841 32893 32999 33063 0 0 33115
33303 580 33329 -2144989184 65538 2 65537 65537
33385 33391 9324 33396 9342 9347 9351 9356
1693 9283 33483 1701 580 8429 12418 9289
22671 20135 20185 20207 8653 82055168 -35060910 524788
2752554 1701 34455 34474 8304 8307 9271 9274
7566 8517 7569 7572 20132 7569 7572 0
20247 588 33869 33921 34025 34107 34253 34359
13049 34511 606 33727 134416387 65538 196610 65544
588 34601 34612 20232 34536 20247 20252 20256
1701 599 23193 33921 1701 606 34661 8444
7623 22671 20135 20185 20207 8653 82055168 -35060910
15 2752554 1701 34684 34702 8307
7566 7566 8517 7569 7572 20132 7569 7572
33796 34734 588 33869 33921 34025 34107 34253
8469 13049 34511 646 34792 -2144595968 65538 65538
8662 7456 34861 34878 27165 34892 27187 27192
35687 1701 1693 9283 35173 1701 646 8429
7588 34839 8551 27097 27139 9667 8653 -35057664
65537 4 2752554 1701 35759 35783 8304 8307
65536 7566 7566 8517 7572 7569 22667 7572
8731 35867 22763 672 35925 35973 35997 36031
8466 8469 9311 0 693 36204 -2144202752 65538
7743 8662 7461 36213 36230 36239 36252 36263
36710 36710 1701 1693 9283 36391 1701 693
7584 7588 7623 7655 11841 19691 9667 8653
0 65537 1 2752554 1701 37247
65536 65537 7566 7566 7569 7572 7569 9586
37429 8731 7466 37415 719 37497 37549 37635
244 37945 37948 11811 37951 746 37999 75695235
369491977 7743 38079 742 38084 38094 30679 38101
1701 38589 38589 1701 746 38605 38621 1701
7581 38697 38703 7623 22671 38709 38737 9667
39301 0 0 8 2752554 1701 39349 39366
65537 458754 65536 7566 7566 8517 7569 9583
22777 39598 8731 39618 22763 764 39699 39759
9289 203 8466 8469 9311 0 779 40339
15879997 369491977 7743 40361 775 40366 40373 40382
9274 1701 40989 40989 1701 779 10477 41013
0 7581 0 0 7623 41105
0 41465 0 0 8 1701
65544 65537 19595264 65536 7566 7566 8517 7569
41210 41215 41637 41242 41260 41628 786 41323
8444 39405 93 8466 8469 41921 41553 809
-34996759 8454644 369491977 7743 8662 41964
9271 9274 1701 11136 11136 1701 1693 10477
7572 0 7581 7584 7588 7623 7655 42581
0 42907 42961 0 0 2752554
196610 65544 65537 2097154 65536 7566 7566 8517
43091 20256 20261 20261 42645 42663 23783 817
43232 8444 33256 21 8466 8469 33295 0
82053127 655360850 14634801 369491977 7743 43255 817 42598
8307 9271 9274 1701 43049 43049 1701 835
7569 7572 0 7581 0 0 7623 43467
43725 0 0 43753 43757 0 8 2752554
65538 196610 65544 65537 2555906 65536 7566 7566
34734 34739 20256 20261 20261 8731 42663 34734
863 8429 8444 33256 118 8466 8469 33295
8653 82056199 655360850 9522993 369491977 7743 43942 817
8304 8307 9271 9274 1701 43049 43049 1701
20132 7569 7572 0 7581 7584 7588 7623
43103 43131 0 43167 42961 0 0 8
-2143481856 65538 65536 65541 65537 65536
44183 44190 44195 26666 26671 44199 8731 884
1701 889 8429 8444 10223 173 8466 8469
9667 14215 82053166 655360850 6161254 369491977 7743 44627
45078 8304 8307 9271 9274 1701 45103 45103
9583 10502 7569 9583 0 7581 45192 45199
45341 45469 45553 0 0 9495 0 0
45624 73729125 65538 196610 65546 1 62914560 65536
45728 45738 45753 45758 45762 45767 45786 45794
46179 1701 927 46195 46224 46231 165 8466
9649 7725 8653 -35057664 -34996759 13763060 369491977 7743
46605 46627 8304 8307 9271 9274 1701 46644
7572 7569 46655 7572 7569 0 7581 46660
46879 46937 47157 30295 47329 47369 47419 0
963 47638 -2143023104 65538 2 65537 1 16646144
47658 41980 41980 41987 11793 41992 41997 42014
10477 47789 1701 963 8429 8444 11797 129
48223 48275 9667 8653 -35057664 -34996759 5833204 369491977
1701 48719 48732 8304 48755 9271 9274 1701
8517 7572 7569 26615 7572 7569 0 7581
971 48377 48423 48539 48623 0 0 48671
0 993 48944 -2142760960 65538 65544
48962 48969 48979 48987 48995 49000 20256 20261
1693 9283 49767 1701 993 49783 49812 19585
37271 50003 19691 9667 14215 82117640 655753953 6442801
2752554 1701 50147 50163 8304 8307 9271 9274
7566 7569 7572 7569 7798 7572 7569 0
12593 1007 7919 7971 8085 8169 0 0
31169 0 1019 50207 604578825 65538 2 65537
1007 50213 50213 50330 50330 50341 50341 50346
1701 1019 50403 8413 1701 1019 50415 8444
7623 7655 11841 19691 9667 8653 -35057664 -34996759
8 2752554 1701 50456 50456 8307
7566 7566 7569 7572 7569 13238 7572 7569
50222 13229 1007 7919 7971 8085 8169 0
8469 31169 0 1042 50207 -2142564352 65538 2
8662 1007 50213 50213 50555 50555 50574 50579
8339 1701 1693 9283 8413 1701 1042 8429
24532 7623 7655 11841 19691 9667 8653 82055168
65537 0 2752554 1701 50631 50631 8304 8307
65536 7566 7566 7569 7572 7569 9586 7572
26467 50222 18979 1007 7919 7971 8085 8169
8466 8469 11811 0 1063 50207 -2142367744 65538
26413 8662 1007 50213 50213 42615 42615 42636
8339 8339 1701 1693 10477 8413 1701 1063
7584 7588 7623 50731 50753 19691 9667 14215
0 65537 0 2752554 1701 50826
65536 65536 7566 7566 7569 7572 7569 9586
50894 26467 50222 50880 1007 7919 7971 8085
18 8466 8469 31169 0 50207
369491977 26413 8662 1007 50213 50213 43073 43073
1701 8339 8339 1701 1693 10477 8413 1701
7581 7584 7588 7623 7655 31281 31323 9667
26515 0 65537 0 2752554 1701 51005 51005
65537 65536 65536 7566 7566 7569 7572 7569
51058 51058 26467 50222 51048 1007 7919 7971
19585 20 8466 8469 31169 0 1105 50207
1442292 369491977 26413 8662 1007 50213 50213 51094
9274 1701 8339 8339 1701 1693 9283 8413
0 7581 70 24532 7623 50933
0 26515 0 65537 0 1701
65537 1 32833536 65537 7566 7566 7569 7572
51277 51282 51282 26467 50222 51268 1007 7919
8444 51223 24 8466 8469 51247 0 1126
655360850 2555941 373489665 26413 51411 1007 50213 50213
9271 9274 1701 8333 8339 1701 1126 51473
7569 0 7581 70 24532 7623 7655 11841
0 0 26515 0 65537 2752554
131074 65538 65537 2686978 65536 7566 7566 7569
43287 43250 43291 43291 8731 50222 43282 1007
50716 8444 19585 223 8466 8469 31169 0
82055168 655360850 20447732 369491977 26413 8662 1007 50213
8307 9271 9274 1701 8339 8339 1701 1693
7572 7569 0 7581 70 24532 7623 7655
8169 0 0 26515 0 65537 0 2752554
65538 2 65537 65537 3997696 65536 7566 7566
51765 51770 50802 50807 50807 26467 50222 51765
1161 8429 8444 19585 309 8466 8469 31169
8653 -35057664 -34996759 3867124 369491977 26413 8662 1007
8304 8307 9271 9274 1701 8339 8339 1701
20132 7569 7572 0 7581 70 24532 7623
8085 8169 0 0 26515 0 0 8
-2141450240 65538 196610 65544 65537 65536
41183 41201 41206 41210 41215 41215 8731 50222
1701 1182 51858 8444 19585 61 8466 8469
9667 8653 82055168 655360850 4129268 369491977 26413 8662
51892 8304 8307 9271 9274 1701 8339 8339
7569 9319 7572 7569 0 7581 70 24532
7971 8085 8169 0 0 50475 0 65537
50207 -2141253632 65538 196610 65544 65537 23461890 65536
51935 51935 51944 51949 20256 20261 20261 8731
8413 1701 1203 51977 8444 19585 77 8466
19691 9667 8653 82055168 655360850 5112308 369491977 26413
52027 52027 8304 8307 9271 9274 1701 8339
7572 7569 17528 7572 7569 0 7581 70
7919 7971 8085 8169 0 0 26515 0
1224 50207 -2141057024 65538 2 65537 65537 45285376
50213 52147 52147 52159 52164 37424 37429 37429
9283 8413 1701 1224 8429 8444 19585 80
52201 52213 9667 13161 82053129 655360850 15879997 373489673
1701 52244 52244 8304 8307 9271 9274 1701
7569 7572 7569 9586 7572 7569 0 7581
1007 7919 7971 8085 8169 0 0 26515
0 1245 50207 -2140925952 65538 65537
50213 50213 52339 52339 52349 52354 40425 40430
1693 10477 8413 1701 1245 52127 8444 19585
8551 11841 19691 9667 8653 82055168 655360850 5833204
2752554 1701 52388 52388 8304 8307 9271 9274
7566 7569 7572 7569 17528 7572 7569 0
52416 1007 7919 7971 8085 8169 0 0
31169 0 1266 50207 -2140729344 65538 2 65537
1007 50213 50213 52471 52471 52479 52484 52488
1701 1693 9283 8413 1701 1266 8429 8444
7623 8551 31281 31323 9667 8653 82055168 655360850
0 2752554 1701 52542 52542 8307
7566 7566 7569 7572 7569 9586 7572 7569
50222 52566 1007 7919 7971 8085 8169 0
8469 31169 0 1287 50207 1007238153 65538 2
52616 1007 50213 50213 52621 52621 52636 52641
8339 1701 1693 9283 8413 1701 1287 52693
7588 7623 23725 38005 52713 9667 8653 82065417
65537 1 2752554 1701 52789 52789 8304 8307
65536 7566 7566 7569 7572 7569 20132 7572
26467 50222 52835 1007 7919 7971 8085 8169
8466 8469 13049 52884 1308 50207 -2140532736 65538
52902 8662 1007 50213 50213 14963 14963 14980
8339 8339 1701 1693 23193 8413 1701 1308
70 24532 7623 7655 11841 9667
0 65537 0 2752554 1701 53042
5963776 65536 18817 18817 7569 7572 7569 18821
53104 53111 50222 19015 1007 7919 7971 8085
113 8466 8469 53171 53181 50207
369491977 26413 8662 1007 50213 50213 53199 53199
1701 8339 8339 1701 1693 10477 8413 1701
7581 70 24532 7623 7655 11841 19691 9667
26515 0 65537 0 2752554 1701 53299 53299
1 65536 65536 7566 7566 7572
53345 53345 26467 50222 53331 1007 7919 7971
19585 124 8466 8469 13049 0 1350 50207
8454644 369491977 26413 8662 1007 50213 50213 41980
9274 1701 8339 8339 1701 1693 10477 8413
0 7581 70 24532 7623 11841
0 26515 0 65537 0 1701
65537 65537 65536 65536 7566 7566 7569 7572
50346 50351 50351 26467 50222 53467 1007 7919
